2005.01.23 周六
1 测试了一下方向计算的各种方法的效率，结果如下：
	直接使用sqrt和asin求方向角度		500（时钟周期，下同）
	原剑网算法（用sqrt和查sin表）		300
	直接查表（扩展到任意坐标）		25
	直接查表（限制在表内）			6
  
	如果在用汇编或者其他算法，可能可以把任意坐标的查表减到10左右，但是意义不大了，算了：）

2 剑网协议包统计
	测试点1	襄阳城广场
		历时：				约135秒
						13:56:16.549076 － 13:58:31.229693
		总数据包数：			550（数据包） ＋ 218（纯ACK包） ＝ 768
		c2s的数据包个数：		251 ＋ 121 ＝ 372
		s2c的数据包个数：		299 ＋  97 ＝ 396
		平均数据包个数：		5.68个/秒
		数据包总大小：			328,776 Byte + 40 Byte * 768 
						= 359,496 Byte  （20个字节的IP头，20字节的TCP头）
		平均数据包大小：		468 Byte
		平均数据速率：			2,663 Byte/秒
		平均c2s速率：			  224 Byte/秒
		平均s2c速率：			2,438 Byte/秒
		
		除去ACK包外的数据包中：

				总数：			C2S				S2C
数据包个数：		550			251				299
数据包总大小：		350,776 Byte		25,510 Byte			325,266 Byte
数据波平均大小：	638 Byte		102 Byte			1088 Byte
大小分布：
			0 - 9    1			0 - 9    1		0 - 9    0
			10 - 19  104			10 - 19  104		10 - 19    0
			20 - 29    1			20 - 29    0		20 - 29    1
			30 - 39   38			30 - 39   38		30 - 39    0
			40 - 49   36			40 - 49   35		40 - 49    1
			50 - 59    0			50 - 59    0		50 - 59    0
			60 - 69   13			60 - 69   13		60 - 69    0
			70 - 79   13			70 - 79   13		70 - 79    0
			80 - 89    0			80 - 89    0		80 - 89    0
			90 - 99    8			90 - 99    8		90 - 99    0
			100 - 109    5			100 - 109    5		100 - 109    0
			110 - 119    1			110 - 119    0		110 - 119    1
			120 - 129    5			120 - 129    5		120 - 129    0
			130 - 139    7			130 - 139    7		130 - 139    0
			140 - 149    0			140 - 149    0		140 - 149    0
			150 - 159    3			150 - 159    3		150 - 159    0
			160 - 169    3			160 - 169    3		160 - 169    0
			170 - 179    0			170 - 179    0		170 - 179    0
			180 - 189    2			180 - 189    2		180 - 189    0
			190 - 199    3			190 - 199    1		190 - 199    2
			200 - 209    2			200 - 209    0		200 - 209    2
			210 - 219    0			210 - 219    0		210 - 219    0
			220 - 229    1			220 - 229    1		220 - 229    0
			230 - 239    0			230 - 239    0		230 - 239    0
			240 - 249    3			240 - 249    3		240 - 249    0
			250 - 259    2			250 - 259    2		250 - 259    0
			260 - 269    1			260 - 269    0		260 - 269    1
			270 - 279    2			270 - 279    0		270 - 279    2
			280 - 289    4			280 - 289    1		280 - 289    3
			290 - 299    2			290 - 299    0		290 - 299    2
			300 - 309    0			300 - 309    0		300 - 309    0
			310 - 319    1			310 - 319    1		310 - 319    0
			320 - 329    2			320 - 329    0		320 - 329    2
			330 - 339    0			330 - 339    0		330 - 339    0
			340 - 349    1			340 - 349    0		340 - 349    1
			350 - 359    1			350 - 359    0		350 - 359    1
			360 - 369    1			360 - 369    1		360 - 369    0
			370 - 379    3			370 - 379    2		370 - 379    1
			380 - 389    1			380 - 389    0		380 - 389    1
			390 - 399    0			390 - 399    0		390 - 399    0
			400 - 409    2			400 - 409    0		400 - 409    2
			410 - 419    0			410 - 419    0		410 - 419    0
			420 - 429    2			420 - 429    0		420 - 429    2
			430 - 439    0			430 - 439    0		430 - 439    0
			440 - 449    1			440 - 449    0		440 - 449    1
			450 - 459    4			450 - 459    0		450 - 459    4
			460 - 469    0			460 - 469    0		460 - 469    0
			470 - 479    0			470 - 479    0		470 - 479    0
			480 - 489    0			480 - 489    0		480 - 489    0
			490 - 499    1			490 - 499    0		490 - 499    1
			500 - 509    2			500 - 509    0		500 - 509    2
			510 - 519    1			510 - 519    0		510 - 519    1
			520 - 529    4			520 - 529    1		520 - 529    3
			530 - 539    2			530 - 539    0		530 - 539    2
			540 - 549    0			540 - 549    0		540 - 549    0
			550 - 559    2			550 - 559    0		550 - 559    2
			560 - 569    5			560 - 569    0		560 - 569    5
			570 - 579    0			570 - 579    0		570 - 579    0
			580 - 589    2			580 - 589    0		580 - 589    2
			590 - 599    0			590 - 599    0		590 - 599    0
			600 - 609    2			600 - 609    0		600 - 609    2
			610 - 619    0			610 - 619    0		610 - 619    0
			620 - 629    6			620 - 629    0		620 - 629    6
			630 - 639    4			630 - 639    0		630 - 639    4
			640 - 649    0			640 - 649    0		640 - 649    0
			650 - 659    4			650 - 659    0		650 - 659    4
			660 - 669    2			660 - 669    0		660 - 669    2
			670 - 679    0			670 - 679    0		670 - 679    0
			680 - 689    3			680 - 689    0		680 - 689    3
			690 - 699    1			690 - 699    0		690 - 699    1
			700 - 709    5			700 - 709    0		700 - 709    5
			710 - 719    2			710 - 719    0		710 - 719    2
			720 - 729    1			720 - 729    0		720 - 729    1
			730 - 739    2			730 - 739    0		730 - 739    2
			740 - 749    3			740 - 749    0		740 - 749    3
			750 - 759    2			750 - 759    0		750 - 759    2
			760 - 769    6			760 - 769    0		760 - 769    6
			770 - 779    0			770 - 779    0		770 - 779    0
			780 - 789    5			780 - 789    0		780 - 789    5
			790 - 799    1			790 - 799    0		790 - 799    1
			800 - 809    5			800 - 809    0		800 - 809    5
			810 - 819    7			810 - 819    0		810 - 819    7
			820 - 829    2			820 - 829    0		820 - 829    2
			830 - 839    1			830 - 839    0		830 - 839    1
			840 - 849    2			840 - 849    0		840 - 849    2
			850 - 859    0			850 - 859    0		850 - 859    0
			860 - 869    1			860 - 869    0		860 - 869    1
			870 - 879    1			870 - 879    0		870 - 879    1
			880 - 889    4			880 - 889    0		880 - 889    4
			890 - 899    2			890 - 899    0		890 - 899    2
			900 - 909    1			900 - 909    0		900 - 909    1
			910 - 919    1			910 - 919    0		910 - 919    1
			920 - 929    5			920 - 929    0		920 - 929    5
			930 - 939    1			930 - 939    0		930 - 939    1
			940 - 949    1			940 - 949    0		940 - 949    1
			950 - 959    0			950 - 959    0		950 - 959    0
			960 - 969    1			960 - 969    0		960 - 969    1
			970 - 979    0			970 - 979    0		970 - 979    0
			980 - 989    2			980 - 989    0		980 - 989    2
			990 - 999    1			990 - 999    0		990 - 999    1
			1000 - 1009    2		1000 - 1009    0	1000 - 1009    2
			1010 - 1019    2		1010 - 1019    0	1010 - 1019    2
			1020 - 1029    5		1020 - 1029    0	1020 - 1029    5
			1030 - 1039    2		1030 - 1039    0	1030 - 1039    2
			1040 - 1049    1		1040 - 1049    0	1040 - 1049    1
			1050 - 1059    0		1050 - 1059    0	1050 - 1059    0
			1060 - 1069    2		1060 - 1069    0	1060 - 1069    2
			1070 - 1079    2		1070 - 1079    0	1070 - 1079    2
			1080 - 1089    0		1080 - 1089    0	1080 - 1089    0
			1090 - 1099    0		1090 - 1099    0	1090 - 1099    0
			1100 - 1109    1		1100 - 1109    0	1100 - 1109    1
			1110 - 1119    0		1110 - 1119    0	1110 - 1119    0
			1120 - 1129    4		1120 - 1129    0	1120 - 1129    4
			1130 - 1139    0		1130 - 1139    0	1130 - 1139    0
			1140 - 1149    2		1140 - 1149    0	1140 - 1149    2
			1150 - 1159    0		1150 - 1159    0	1150 - 1159    0
			1160 - 1169    1		1160 - 1169    0	1160 - 1169    1
			1170 - 1179    1		1170 - 1179    0	1170 - 1179    1
			1180 - 1189    2		1180 - 1189    0	1180 - 1189    2
			1190 - 1199    0		1190 - 1199    0	1190 - 1199    0
			1200 - 1209    1		1200 - 1209    0	1200 - 1209    1
			1210 - 1219    0		1210 - 1219    0	1210 - 1219    0
			1220 - 1229    1		1220 - 1229    0	1220 - 1229    1
			1230 - 1239    0		1230 - 1239    0	1230 - 1239    0
			1240 - 1249    3		1240 - 1249    0	1240 - 1249    3
			1250 - 1259    0		1250 - 1259    0	1250 - 1259    0
			1260 - 1269    1		1260 - 1269    0	1260 - 1269    1
			1270 - 1279    1		1270 - 1279    0	1270 - 1279    1
			1280 - 1289    0		1280 - 1289    0	1280 - 1289    0
			1290 - 1299    1		1290 - 1299    0	1290 - 1299    1
			1300 - 1309    0		1300 - 1309    0	1300 - 1309    0
			1310 - 1319    0		1310 - 1319    0	1310 - 1319    0
			1320 - 1329    2		1320 - 1329    0	1320 - 1329    2
			1330 - 1339    0		1330 - 1339    0	1330 - 1339    0
			1340 - 1349    1		1340 - 1349    0	1340 - 1349    1
			1350 - 1359    0		1350 - 1359    0	1350 - 1359    0
			1360 - 1369    1		1360 - 1369    0	1360 - 1369    1
			1370 - 1379    1		1370 - 1379    0	1370 - 1379    1
			1380 - 1389    0		1380 - 1389    0	1380 - 1389    0
			1390 - 1399    2		1390 - 1399    0	1390 - 1399    2
			1400 - 1409    0		1400 - 1409    0	1400 - 1409    0
			1410 - 1419    0		1410 - 1419    0	1410 - 1419    0
			1420 - 1429    1		1420 - 1429    0	1420 - 1429    1
			1430 - 1439    0		1430 - 1439    0	1430 - 1439    0
			1440 - 1449    3		1440 - 1449    0	1440 - 1449    3
			1450 - 1459    1		1450 - 1459    0	1450 - 1459    1
			1460 - 1469  118		1460 - 1469    1	1460 - 1469  117
										
	测试点2 长白山(打怪)
		历时：			约122秒
					15:22:29.925934 － 15:24:53.74185
		总数据包数：		393（数据包） ＋ 9（纯ACK包） ＝ 402
		c2s的数据包个数：	195 ＋	5 ＝ 200
		s2c的数据包个数：	198 ＋  4 ＝ 202
		平均数据包个数：	3.30个/秒
		数据包总大小：		146,239 Byte + 40 Byte * 402 
					= 162,319 Byte  （20个字节的IP头，20字节的TCP头）
		平均数据包大小：	404 Byte
		平均数据速率：		1,330 Byte/秒
		平均c2s速率：		  148  Byte/秒
		平均s2c速率：		1,182 Byte/秒
		
		除去ACK包外的数据包中：

				总数：				C2S			S2C
数据包个数：		393				195			198
数据包总大小：		161,959 Byte			17,879 Byte		144,080 Byte
数据包平均大小：	412 Byte			92 Byte			728 Byte
大小分布：
			0 - 9		0		0 - 9    0		0 - 9    0
			10 - 19		63		10 - 19   63		10 - 19    0
			20 - 29		1		20 - 29    1		20 - 29    0
			30 - 39		47		30 - 39   47		30 - 39    0
			40 - 49		27		40 - 49   27		40 - 49    0
			50 - 59		6		50 - 59    6		50 - 59    0
			60 - 69		5		60 - 69    5		60 - 69    0
			70 - 79		6		70 - 79    6		70 - 79    0
			80 - 89		2		80 - 89    2		80 - 89    0
			90 - 99		8		90 - 99    8		90 - 99    0
			100 - 109    5			100 - 109    5		100 - 109    0
			110 - 119    2			110 - 119    2		110 - 119    0
			120 - 129    7			120 - 129    7		120 - 129    0
			130 - 139    3			130 - 139    3		130 - 139    0
			140 - 149    1			140 - 149    1		140 - 149    0
			150 - 159    4			150 - 159    4		150 - 159    0
			160 - 169    3			160 - 169    3		160 - 169    0
			170 - 179    0			170 - 179    0		170 - 179    0
			180 - 189    3			180 - 189    3		180 - 189    0
			190 - 199    2			190 - 199    2		190 - 199    0
			200 - 209    0			200 - 209    0		200 - 209    0
			210 - 219    0			210 - 219    0		210 - 219    0
			220 - 229    0			220 - 229    0		220 - 229    0
			230 - 239    0			230 - 239    0		230 - 239    0
			240 - 249    0			240 - 249    0		240 - 249    0
			250 - 259    0			250 - 259    0		250 - 259    0
			260 - 269    0			260 - 269    0		260 - 269    0
			270 - 279    0			270 - 279    0		270 - 279    0
			280 - 289    3			280 - 289    0		280 - 289    3
			290 - 299    0			290 - 299    0		290 - 299    0
			300 - 309    0			300 - 309    0		300 - 309    0
			310 - 319    0			310 - 319    0		310 - 319    0
			320 - 329    1			320 - 329    0		320 - 329    1
			330 - 339    0			330 - 339    0		330 - 339    0
			340 - 349    0			340 - 349    0		340 - 349    0
			350 - 359    3			350 - 359    0		350 - 359    3
			360 - 369    0			360 - 369    0		360 - 369    0
			370 - 379    1			370 - 379    0		370 - 379    1
			380 - 389    0			380 - 389    0		380 - 389    0
			390 - 399    3			390 - 399    0		390 - 399    3
			400 - 409    1			400 - 409    0		400 - 409    1
			410 - 419    2			410 - 419    0		410 - 419    2
			420 - 429    2			420 - 429    0		420 - 429    2
			430 - 439    3			430 - 439    0		430 - 439    3
			440 - 449    4			440 - 449    0		440 - 449    4
			450 - 459    2			450 - 459    0		450 - 459    2
			460 - 469    1			460 - 469    0		460 - 469    1
			470 - 479    1			470 - 479    0		470 - 479    1
			480 - 489    2			480 - 489    0		480 - 489    2
			490 - 499    2			490 - 499    0		490 - 499    2
			500 - 509    0			500 - 509    0		500 - 509    0
			510 - 519    4			510 - 519    0		510 - 519    4
			520 - 529    4			520 - 529    0		520 - 529    4
			530 - 539    2			530 - 539    0		530 - 539    2
			540 - 549    4			540 - 549    0		540 - 549    4
			550 - 559    6			550 - 559    0		550 - 559    6
			560 - 569    1			560 - 569    0		560 - 569    1
			570 - 579    4			570 - 579    0		570 - 579    4
			580 - 589    4			580 - 589    0		580 - 589    4
			590 - 599    6			590 - 599    0		590 - 599    6
			600 - 609    4			600 - 609    0		600 - 609    4
			610 - 619    3			610 - 619    0		610 - 619    3
			620 - 629    6			620 - 629    0		620 - 629    6
			630 - 639    2			630 - 639    0		630 - 639    2
			640 - 649    2			640 - 649    0		640 - 649    2
			650 - 659    3			650 - 659    0		650 - 659    3
			660 - 669    4			660 - 669    0		660 - 669    4
			670 - 679    9			670 - 679    0		670 - 679    9
			680 - 689    3			680 - 689    0		680 - 689    3
			690 - 699    5			690 - 699    0		690 - 699    5
			700 - 709    3			700 - 709    0		700 - 709    3
			710 - 719    4			710 - 719    0		710 - 719    4
			720 - 729    7			720 - 729    0		720 - 729    7
			730 - 739    8			730 - 739    0		730 - 739    8
			740 - 749    4			740 - 749    0		740 - 749    4
			750 - 759    2			750 - 759    0		750 - 759    2
			760 - 769    5			760 - 769    0		760 - 769    5
			770 - 779    0			770 - 779    0		770 - 779    0
			780 - 789    5			780 - 789    0		780 - 789    5
			790 - 799    2			790 - 799    0		790 - 799    2
			800 - 809    4			800 - 809    0		800 - 809    4
			810 - 819    3			810 - 819    0		810 - 819    3
			820 - 829    4			820 - 829    0		820 - 829    4
			830 - 839    2			830 - 839    0		830 - 839    2
			840 - 849    2			840 - 849    0		840 - 849    2
			850 - 859    3			850 - 859    0		850 - 859    3
			860 - 869    4			860 - 869    0		860 - 869    4
			870 - 879    6			870 - 879    0		870 - 879    6
			880 - 889    3			880 - 889    0		880 - 889    3
			890 - 899    2			890 - 899    0		890 - 899    2
			900 - 909    1			900 - 909    0		900 - 909    1
			910 - 919    0			910 - 919    0		910 - 919    0
			920 - 929    0			920 - 929    0		920 - 929    0
			930 - 939    2			930 - 939    0		930 - 939    2
			940 - 949    0			940 - 949    0		940 - 949    0
			950 - 959    2			950 - 959    0		950 - 959    2
			960 - 969    0			960 - 969    0		960 - 969    0
			970 - 979    0			970 - 979    0		970 - 979    0
			980 - 989    2			980 - 989    0		980 - 989    2
			990 - 999    1			990 - 999    0		990 - 999    1
			1000 - 1009    0		1000 - 1009    0	1000 - 1009    0
			1010 - 1019    1		1010 - 1019    0	1010 - 1019    1
			1020 - 1029    0		1020 - 1029    0	1020 - 1029    0
			1030 - 1039    0		1030 - 1039    0	1030 - 1039    0
			1040 - 1049    1		1040 - 1049    0	1040 - 1049    1
			1050 - 1059    0		1050 - 1059    0	1050 - 1059    0
			1060 - 1069    0		1060 - 1069    0	1060 - 1069    0
			1070 - 1079    1		1070 - 1079    0	1070 - 1079    1
			1080 - 1089    0		1080 - 1089    0	1080 - 1089    0
			1090 - 1099    1		1090 - 1099    0	1090 - 1099    1
			1100 - 1109    0		1100 - 1109    0	1100 - 1109    0
			1110 - 1119    1		1110 - 1119    0	1110 - 1119    1
			1120 - 1129    0		1120 - 1129    0	1120 - 1129    0
			1130 - 1139    0		1130 - 1139    0	1130 - 1139    0
			1140 - 1149    1		1140 - 1149    0	1140 - 1149    1
			1150 - 1159    0		1150 - 1159    0	1150 - 1159    0
			1160 - 1169    0		1160 - 1169    0	1160 - 1169    0
			1170 - 1179    0		1170 - 1179    0	1170 - 1179    0
			1180 - 1189    1		1180 - 1189    0	1180 - 1189    1
			1190 - 1199    0		1190 - 1199    0	1190 - 1199    0
			1200 - 1209    0		1200 - 1209    0	1200 - 1209    0
			1210 - 1219    0		1210 - 1219    0	1210 - 1219    0
			1220 - 1229    0		1220 - 1229    0	1220 - 1229    0
			1230 - 1239    0		1230 - 1239    0	1230 - 1239    0
			1240 - 1249    0		1240 - 1249    0	1240 - 1249    0
			1250 - 1259    0		1250 - 1259    0	1250 - 1259    0
			1260 - 1269    0		1260 - 1269    0	1260 - 1269    0
			1270 - 1279    0		1270 - 1279    0	1270 - 1279    0
			1280 - 1289    1		1280 - 1289    0	1280 - 1289    1
			1290 - 1299    1		1290 - 1299    0	1290 - 1299    1
			1300 - 1309    0		1300 - 1309    0	1300 - 1309    0
			1310 - 1319    0		1310 - 1319    0	1310 - 1319    0
			1320 - 1329    0		1320 - 1329    0	1320 - 1329    0
			1330 - 1339    0		1330 - 1339    0	1330 - 1339    0
			1340 - 1349    0		1340 - 1349    0	1340 - 1349    0
			1350 - 1359    0		1350 - 1359    0	1350 - 1359    0
			1360 - 1369    0		1360 - 1369    0	1360 - 1369    0
			1370 - 1379    0		1370 - 1379    0	1370 - 1379    0
			1380 - 1389    1		1380 - 1389    0	1380 - 1389    1
			1390 - 1399    0		1390 - 1399    0	1390 - 1399    0
			1400 - 1409    0		1400 - 1409    0	1400 - 1409    0
			1410 - 1419    0		1410 - 1419    0	1410 - 1419    0
			1420 - 1429    0		1420 - 1429    0	1420 - 1429    0
			1430 - 1439    0		1430 - 1439    0	1430 - 1439    0
			1440 - 1449    0		1440 - 1449    0	1440 - 1449    0
			1450 - 1459    0		1450 - 1459    0	1450 - 1459    0
			1460 - 1469    0		1460 - 1469    0	1460 - 1469    0
			1470 - 1479    0		1470 - 1479    0	1470 - 1479    0
			1480 - 1489    0		1480 - 1489    0	1480 - 1489    0
			1490 - 1499    0		1490 - 1499    0	1490 - 1499    0
			1500 - 1509    0		1500 - 1509    0	1500 - 1509    0
		

